((("larger" .
   [0 0 0 1 0 0])
  ("ruby" .
   [1 0 0 0])
  ("nbytes" .
   [0 0 0 0 0 1])
  ("secs" .
   [1 0 0 0])
  ("2fs" .
   [1 0 0])
  ("Sprintf" .
   [1 0 0 0 0 0 0])
  ("Body" .
   [0 2 0 0])
  ("Discard" .
   [1 0 0 0 0 0 0])
  ("Copy" .
   [0 0 1 0])
  ("Sprint" .
   [1 0 0 0 1 0])
  ("Get" .
   [0 0 1])
  ("http" .
   [1 0 0 0])
  ("resp" .
   [1 0 0 0])
  ("time" .
   [1 0 0 0])
  ("Seconds" .
   [0 0 1 1 0 0 0])
  ("start" .
   [3 0 0 0 0])
  ("Since" .
   [0 0 1 0 1])
  ("Printf" .
   [1 0 0 0 0 0])
  ("range" .
   [0 0 1 0 0])
  ("ch" .
   [5 0])
  ("fetch" .
   [2 0 0 0 0])
  ("Args" .
   [1 1 0 0])
  ("url" .
   [6 0 0])
  ("_" .
   [1])
  ("make" .
   [1 0 0 0])
  ("Now" .
   [1 0 1])
  ("Secure" .
   [0 0 1 0 0 0])
  ("data" .
   [1 0 0 0])
  ("Fatalln" .
   [1 0 0 0 0 0 0])
  ("tracer" .
   [0 0 0 1 0 0])
  ("return" .
   [0 1 0 0 0 0])
  ("Off" .
   [2 0 0])
  ("interface" .
   [0 0 1 0 0 0 0 0 0])
  ("a" .
   [1])
  ("nilTracer" .
   [0 0 0 1 0 0 1 0 0])
  ("Trace" .
   [1 0 0 1 0])
  ("silentTracer" .
   [0 0 1 0 0 0 0 0 0 0 0 0])
  ("Tracer" .
   [1 0 0 0 1 0])
  ("New" .
   [1 0 0])
  ("TextMessage" .
   [0 0 0 0 0 1 0 0 0 0 0])
  ("websocket" .
   [0 0 0 1 0 0 0 0 0])
  ("WriteMessage" .
   [0 0 0 0 0 0 1 0 0 0 0 0])
  ("send" .
   [0 0 1 0])
  ("client" .
   [1 0 0 0 0 0])
  ("Close" .
   [1 2 0 0 0])
  ("msg" .
   [3 0 0])
  ("forward" .
   [0 0 0 0 1 0 0])
  ("err" .
   [13 0 0])
  ("ReadMessage" .
   [1 0 0 0 0 0 0 0 0 0 0])
  ("socket" .
   [0 0 3 0 0 0])
  ("window" .
   [1 0 0 0 0 0])
  ("sub" .
   [1 0 0])
  ("jp" .
   [1 0])
  ("sound-f" .
   [1 0 0 0 0 0 0])
  ("www" .
   [1 0 0])
  ("text-primary" .
   [1 0 0 0 0 0 0 0 0 0 0 0])
  ("h4" .
   [1 0])
  ("col-sm-4" .
   [1 0 0 0 0 0 0 0])
  ("REITソリューション" .
   [1 0 0 0 1 0 0 0 0 0 0])
  ("h3" .
   [8 0])
  ("class" .
   [4 0 0 0 0])
  ("section" .
   [0 0 0 1 0 1 0])
  ("add-hook" .
   [1 0 0 0 0 0 0 0])
  ("js2-mode" .
   [0 0 0 0 1 0 0 0])
  ("fmt" .
   [5 1 0])
  ("main" .
   [5 0 0 1])
  ("nbsp" .
   [23 0 0 0])
  ("開発マネージャー" .
   [1 0 0 0 0 0 0 0])
  ("現在は主にREIT業界向け業務システム" .
   [0 0 0 0 0 1 0 0 0 0 0 0 0 0 0 0 0 0 0])
  ("の保守・サポートを担当。" .
   [0 0 0 0 0 0 0 0 0 0 0 1])
  ("REIT業界向け業務システム" .
   [1 0 0 0 1 0 0 0 0 0 0 0 0 0])
  ("の導入・コンサルティングを主に担当。" .
   [1 0 0 0 0 0 0 0 0 0 0 0 0 0 0 0 0 0])
  ("メガバンク、不動産アセットマネジメント会社、不動産ファンド向けPMシステム開発会社を経て現職。" .
   [0 0 0 0 0 0 1 0 0 0 0 0 0 0 0 0 0 0 0 0 0 0 0 0 0 0 0 0 0 0 0 0 0 0 0 0 0 0 0 0 0 0 0 0 0 0 0])
  ("Tsuchiya" .
   [0 0 0 1 0 0 0 0])
  ("メンバー紹介" .
   [1 0 0 0 0 0])
  ("href" .
   [2 0 0 0])
  ("company" .
   [1 0 0 0 0 0 0])
  ("members" .
   [1 0 0 0 0 0 0])
  ("html" .
   [3 0 0 0])
  ("mb40" .
   [1 0 0 0])
  ("br" .
   [2 0])
  ("target" .
   [0 0 0 1 0 0])
  ("_blank" .
   [0 0 0 0 0 1])
  ("templateHandler" .
   [0 0 0 0 0 0 0 0 0 1 1 0 1 0 0])
  ("w" .
   [2])
  ("ResponseWriter" .
   [0 0 0 1 0 0 0 0 0 0 0 0 0 0])
  ("r" .
   [2])
  ("Request" .
   [0 0 0 0 1 0 0])
  ("templ" .
   [1 0 0 0 0])
  ("filename" .
   [1 0 2 0 0 0 0 0])
  ("nil" .
   [5 1 0])
  ("newRoom" .
   [0 0 0 1 0 0 0])
  ("Handle" .
   [1 1 0 0 0 0])
  ("run" .
   [1 0 0])
  ("ListenAndServe" .
   [0 1 0 0 0 0 0 0 0 0 0 0 0 0])
  ("Fatal" .
   [1 0 0 0 0])
  ("Reverse" .
   [1 1 1 0 0 0 0])
  ("testing" .
   [0 0 2 0 0 0 0])
  ("T" .
   [3])
  ("source" .
   [0 0 0 1 0 0])
  ("dist" .
   [1 0 0 0])
  ("Error" .
   [1 0 0 0 0])
  ("ret" .
   [2 0 0])
  ("s" .
   [11])
  ("Println" .
   [5 0 0 0 0 0 0])
  ("totallen" .
   [0 0 1 0 0 0 0 0])
  ("int" .
   [2 0 0])
  ("i" .
   [7])
  ("string" .
   [1 0 2 1 2 1])
  ("Can" .
   [0 1 0])
  ("len" .
   [1 0 0])
  ("個人情報保護方針" .
   [2 0 0 0 0 0 0 0])
  ("情報セキュリティ基本方針" .
   [3 0 0 0 0 0 0 0 0 0 0 0])
  ("policy" .
   [0 0 0 1 0 0])
  ("privacy" .
   [1 0 0 0 0 0 0])
  ("security" .
   [0 0 0 0 0 0 1 0])
  ("package" .
   [0 0 0 0 2 0 0])
  ("os" .
   [1 0])
  ("Scan" .
   [0 1 0 0])
  ("counts" .
   [2 0 0 0 0 0])
  ("Text" .
   [0 0 1 0])
  ("n" .
   [4])
  ("line" .
   [0 0 0 1])
  ("def" .
   [3 0 0])
  ("M" .
   [1])
  ("defmodule" .
   [0 0 0 0 0 0 0 1 0])
  ("do" .
   [1 0])
  ("d" .
   [1])
  ("do:" .
   [2 0 0])
  ("gcd" .
   [2 0 0])
  ("rem" .
   [1 0 0])
  ("end" .
   [1 0 0])
  ("smtp" .
   [1 0 0 0])
  ("config" .
   [1 0 0 0 0 0])
  ("email_regexp" .
   [0 0 0 0 0 0 0 0 1 0 0 0])
  ("projectile-rails-on" .
   [1 0 0 0 0 0 0 0 0 0 0 0 0 0 0 0 0 0 0])
  ("require" .
   [1 0 0 0 0 0 0])
  ("mark-multiple" .
   [0 0 0 0 0 2 0 0 0 0 0 0 0])
  ("global" .
   [1 0 0 0 0 0])))
